100;568;258
100;574;258
100;567;258
100;567;258
100;567;258
200;1198;607
200;1197;607
200;1195;607
200;1189;607
200;1195;607
300;1886;972
300;1892;972
300;1890;972
300;1886;972
300;1886;972
400;2505;1413
400;2497;1413
400;2497;1413
400;2505;1413
400;3210;1413
500;3160;1807
500;3164;1807
500;3358;1807
500;3153;1807
500;3199;1807
600;3791;2241
600;3717;2241
600;3887;2241
600;3717;2241
600;3712;2241
700;4394;2689
700;4368;2689
700;4366;2689
700;4367;2689
700;4369;2689
800;5026;3223
800;5009;3223
800;5080;3223
800;5009;3223
800;5007;3223
900;5699;3706
900;5771;3706
900;5738;3706
900;5702;3706
900;5699;3706
1000;6352;4219
1000;6328;4219
1000;6334;4219
1000;6593;4219
1000;6343;4219
1100;14165;4760
1100;10511;4760
1100;7270;4760
1100;9492;4760
1100;7186;4760
1200;7903;5257
1200;7896;5257
1200;7911;5257
1200;7882;5257
1200;7879;5257
1300;8513;5893
1300;8524;5893
1300;8531;5893
1300;8521;5893
1300;8516;5893
1400;9241;6211
1400;9224;6211
1400;9314;6211
1400;9238;6211
1400;9217;6211
1500;10403;6804
1500;10144;6804
1500;9891;6804
1500;9884;6804
1500;9963;6804
1600;10580;7369
1600;10557;7369
1600;10567;7369
1600;10553;7369
1600;10574;7369
1700;11410;8031
1700;11330;8031
1700;11772;8031
1700;11423;8031
1700;11353;8031
1800;12125;8687
1800;12122;8687
1800;12118;8687
1800;12296;8687
1800;12030;8687
1900;12613;9195
1900;12605;9195
1900;12614;9195
1900;12611;9195
1900;12606;9195
2000;13566;9839
2000;13600;9839
2000;13560;9839
2000;13625;9839
2000;13568;9839
2100;14415;10179
2100;14176;10179
2100;14216;10179
2100;14235;10179
2100;14154;10179
2200;15153;10928
2200;15641;10928
2200;15085;10928
2200;17770;10928
2200;15065;10928
2300;15720;11543
2300;15711;11543
2300;15794;11543
2300;15695;11543
2300;15740;11543
2400;16610;12067
2400;16648;12067
2400;16607;12067
2400;16675;12067
2400;16677;12067
2500;17403;12662
2500;17402;12662
2500;17368;12662
2500;17388;12662
2500;17402;12662
2600;18356;13116
2600;18545;13116
2600;18966;13116
2600;18089;13116
2600;18126;13116
2700;18640;13582
2700;18872;13582
2700;18779;13582
2700;18738;13582
2700;18700;13582
2800;19784;14378
2800;19651;14378
2800;20080;14378
2800;19656;14378
2800;19616;14378
2900;20496;15118
2900;20481;15118
2900;20463;15118
2900;21272;15118
2900;20491;15118
3000;21096;15676
3000;21109;15676
3000;21113;15676
3000;21165;15676
3000;21131;15676
3100;22046;16554
3100;22032;16554
3100;22998;16554
3100;22108;16554
3100;22145;16554
3200;22635;16914
3200;22698;16914
3200;22694;16914
3200;22645;16914
3200;22620;16914
3300;23513;17563
3300;23465;17563
3300;23481;17563
3300;23479;17563
3300;23505;17563
3400;24461;18385
3400;24766;18385
3400;24254;18385
3400;24248;18385
3400;24238;18385
3500;25020;18541
3500;25138;18541
3500;25060;18541
3500;25034;18541
3500;25100;18541
3600;25671;19333
3600;25781;19333
3600;25655;19333
3600;25843;19333
3600;25777;19333
3700;26423;19798
3700;26421;19798
3700;26477;19798
3700;26685;19798
3700;26452;19798
3800;27399;20443
3800;27983;20443
3800;27550;20443
3800;27530;20443
3800;27471;20443
3900;28600;21280
3900;28432;21280
3900;28262;21280
3900;28094;21280
3900;28141;21280
4000;28837;21823
4000;28829;21823
4000;28879;21823
4000;28949;21823
4000;28937;21823
4100;29843;22696
4100;29969;22696
4100;29880;22696
4100;29872;22696
4100;29842;22696
4200;30706;23222
4200;30616;23222
4200;30672;23222
4200;30723;23222
4200;30568;23222
4300;31671;23892
4300;31490;23892
4300;31453;23892
4300;31434;23892
4300;31781;23892
4400;32164;23888
4400;32190;23888
4400;32163;23888
4400;32125;23888
4400;32131;23888
4500;33007;25009
4500;32991;25009
4500;33017;25009
4500;33645;25009
4500;32897;25009
4600;33836;25329
4600;34309;25329
4600;33808;25329
4600;33806;25329
4600;34589;25329
4700;35443;26164
4700;35353;26164
4700;35421;26164
4700;35436;26164
4700;35048;26164
4800;35757;26303
4800;35791;26303
4800;35739;26303
4800;35945;26303
4800;35781;26303
4900;36515;27015
4900;36542;27015
4900;36489;27015
4900;38501;27015
4900;37469;27015
5000;38763;28037
5000;37738;28037
5000;37864;28037
5000;37866;28037
5000;37982;28037
5100;38211;27720
5100;38185;27720
5100;39228;27720
5100;39046;27720
5100;38194;27720
5200;39653;28177
5200;39630;28177
5200;39894;28177
5200;40017;28177
5200;39743;28177
5300;40137;28554
5300;40266;28554
5300;40170;28554
5300;46307;28554
5300;40928;28554
5400;41761;28555
5400;42076;28555
5400;41903;28555
5400;41809;28555
5400;41308;28555
5500;42507;28464
5500;41606;28464
5500;41656;28464
5500;43295;28464
5500;41595;28464
5600;42816;29602
5600;42833;29602
5600;45229;29602
5600;42988;29602
5600;43017;29602
5700;43664;29870
5700;43557;29870
5700;43672;29870
5700;43410;29870
5700;43483;29870
5800;45101;29989
5800;44986;29989
5800;45118;29989
5800;45096;29989
5800;45040;29989
5900;47033;30830
5900;48209;30830
5900;45799;30830
5900;45832;30830
5900;46701;30830
6000;47053;30649
6000;54814;30649
6000;47065;30649
6000;46630;30649
6000;46553;30649
6100;47467;30923
6100;47653;30923
6100;47583;30923
6100;47322;30923
6100;47569;30923
6200;48114;31051
6200;48093;31051
6200;48223;31051
6200;48037;31051
6200;47922;31051
6300;50410;32162
6300;49875;32162
6300;50531;32162
6300;49397;32162
6300;49434;32162
6400;50249;32386
6400;55942;32386
6400;50437;32386
6400;50164;32386
6400;50367;32386
6500;51414;33205
6500;57657;33205
6500;52302;33205
6500;52299;33205
6500;52253;33205
6600;52496;33677
6600;52423;33677
6600;52434;33677
6600;52820;33677
6600;52385;33677
6700;52943;34170
6700;53317;34170
6700;53259;34170
6700;52904;34170
6700;52720;34170
6800;54359;34931
6800;54512;34931
6800;54658;34931
6800;54409;34931
6800;59814;34931
6900;55353;35532
6900;55248;35532
6900;55170;35532
6900;55256;35532
6900;57790;35532
7000;57017;36083
7000;57133;36083
7000;56780;36083
7000;56880;36083
7000;55835;36083
7100;57216;36712
7100;57300;36712
7100;57280;36712
7100;57275;36712
7100;57095;36712
7200;58033;37427
7200;58238;37427
7200;58350;37427
7200;58568;37427
7200;58444;37427
7300;58515;37793
7300;58690;37793
7300;58368;37793
7300;58688;37793
7300;58878;37793
7400;59730;38502
7400;59839;38502
7400;59633;38502
7400;59712;38502
7400;60750;38502
7500;61352;38952
7500;61954;38952
7500;60257;38952
7500;60479;38952
7500;60698;38952
7600;62424;39676
7600;61261;39676
7600;61079;39676
7600;61211;39676
7600;60880;39676
7700;62154;40331
7700;65073;40331
7700;61887;40331
7700;62241;40331
7700;61837;40331
7800;63033;41104
7800;64193;41104
7800;63672;41104
7800;63666;41104
7800;64250;41104
7900;64463;41568
7900;65412;41568
7900;65923;41568
7900;65576;41568
7900;64180;41568
8000;65543;42257
8000;65422;42257
8000;65524;42257
8000;65306;42257
8000;66479;42257
8100;69171;42792
8100;67380;42792
8100;65913;42792
8100;65915;42792
8100;65850;42792
8200;77932;43686
8200;68450;43686
8200;67109;43686
8200;67388;43686
8200;73649;43686
8300;67782;44186
8300;69040;44186
8300;68212;44186
8300;69095;44186
8300;68317;44186
8400;68933;44932
8400;69589;44932
8400;69462;44932
8400;71882;44932
8400;72319;44932
8500;70752;45740
8500;70542;45740
8500;70692;45740
8500;71717;45740
8500;71083;45740
8600;71083;46066
8600;70958;46066
8600;70868;46066
8600;70988;46066
8600;70852;46066
8700;73281;46833
8700;84968;46833
8700;75205;46833
8700;72571;46833
8700;72491;46833
8800;74394;47686
8800;73250;47686
8800;73068;47686
8800;73101;47686
8800;73084;47686
8900;73680;48294
8900;73699;48294
8900;74995;48294
8900;73889;48294
8900;73633;48294
9000;74505;49052
9000;76520;49052
9000;76250;49052
9000;75792;49052
9000;74604;49052
9100;75186;49700
9100;87109;49700
9100;75270;49700
9100;75407;49700
9100;75923;49700
9200;77488;50090
9200;76305;50090
9200;76600;50090
9200;76416;50090
9200;91710;50090
9300;77530;51022
9300;77837;51022
9300;77769;51022
9300;77854;51022
9300;79507;51022
9400;80669;51472
9400;80578;51472
9400;80881;51472
9400;78034;51472
9400;79153;51472
9500;80923;52148
9500;80322;52148
9500;79350;52148
9500;79959;52148
9500;80083;52148
9600;80531;52679
9600;80400;52679
9600;83519;52679
9600;81175;52679
9600;80726;52679
9700;84952;53670
9700;86983;53670
9700;83531;53670
9700;81879;53670
9700;82199;53670
9800;82259;54118
9800;82681;54118
9800;82216;54118
9800;82636;54118
9800;82437;54118
9900;84328;55040
9900;83223;55040
9900;83698;55040
9900;83833;55040
9900;83308;55040
10000;83798;55422
10000;86997;55422
10000;95550;55422
10000;88140;55422
10000;84158;55422
