500;5;0.081
600;5;0.092
700;5;0.109
800;5;0.117
900;5;0.134
1000;5;0.149
1100;5;0.175
1200;5;0.184
1300;5;0.208
1400;5;0.235
1500;5;0.312
1600;5;0.358
1700;5;0.377
1800;5;0.432
1900;5;0.302
2000;5;0.405
2100;5;0.348
2200;5;0.352
2300;5;0.539
2400;5;0.491
2500;5;0.449
2600;5;0.502
2700;5;0.465
2800;5;0.492
2900;5;0.515
3000;5;0.5
3100;5;0.585
3200;5;0.578
3300;5;0.621
3400;5;0.595
3500;5;0.626
3600;5;0.711
3700;5;0.726
3800;5;0.732
3900;5;0.707
4000;5;0.702
500;10;0.088
600;10;0.097
700;10;0.112
800;10;0.135
900;10;0.15
1000;10;0.175
1100;10;0.187
1200;10;0.197
1300;10;0.218
1400;10;0.235
1500;10;0.255
1600;10;0.285
1700;10;0.288
1800;10;0.315
1900;10;0.344
2000;10;0.385
2100;10;0.387
2200;10;0.488
2300;10;0.403
2400;10;0.583
2500;10;0.473
2600;10;0.453
2700;10;0.484
2800;10;0.546
2900;10;0.823
3000;10;0.647
3100;10;0.643
3200;10;0.624
3300;10;0.616
3400;10;0.802
3500;10;0.674
3600;10;0.749
3700;10;0.754
3800;10;0.752
3900;10;0.735
4000;10;0.76
500;20;0.094
600;20;0.119
700;20;0.13
800;20;0.218
900;20;0.176
1000;20;0.199
1100;20;0.229
1200;20;0.237
1300;20;0.332
1400;20;0.284
1500;20;0.315
1600;20;0.338
1700;20;0.335
1800;20;0.372
1900;20;0.381
2000;20;0.407
2100;20;0.479
2200;20;0.432
2300;20;0.468
2400;20;0.468
2500;20;0.623
2600;20;0.532
2700;20;0.56
2800;20;0.593
2900;20;0.603
3000;20;0.745
3100;20;0.69
3200;20;0.719
3300;20;0.72
3400;20;0.708
3500;20;0.956
3600;20;1.25
3700;20;1.295
3800;20;1.165
3900;20;0.941
4000;20;0.905
500;50;0.108
600;50;0.143
700;50;0.205
800;50;0.176
900;50;0.208
1000;50;0.233
1100;50;0.244
1200;50;0.285
1300;50;0.344
1400;50;0.414
1500;50;0.438
1600;50;0.382
1700;50;0.563
1800;50;0.511
1900;50;0.468
2000;50;0.48
2100;50;0.504
2200;50;0.541
2300;50;0.581
2400;50;0.602
2500;50;0.62
2600;50;0.639
2700;50;0.65
2800;50;0.721
2900;50;0.751
3000;50;0.79
3100;50;0.787
3200;50;0.895
3300;50;0.913
3400;50;0.842
3500;50;0.895
3600;50;0.954
3700;50;0.904
3800;50;0.984
3900;50;1.001
4000;50;1.321
500;5;0.072
600;5;0.095
700;5;0.101
800;5;0.123
900;5;0.183
1000;5;0.206
1100;5;0.17
1200;5;0.215
1300;5;0.192
1400;5;0.211
1500;5;0.262
1600;5;0.26
1700;5;0.276
1800;5;0.3
1900;5;0.304
2000;5;0.342
2100;5;0.442
2200;5;0.341
2300;5;0.496
2400;5;0.687
2500;5;0.435
2600;5;0.524
2700;5;0.449
2800;5;0.493
2900;5;0.501
3000;5;0.672
3100;5;0.525
3200;5;0.562
3300;5;0.727
3400;5;0.665
3500;5;0.753
3600;5;0.723
3700;5;0.653
3800;5;0.843
3900;5;0.853
4000;5;1.025
500;10;0.111
600;10;0.129
700;10;0.153
800;10;0.222
900;10;0.158
1000;10;0.269
1100;10;0.264
1200;10;0.837
1300;10;0.302
1400;10;0.392
1500;10;0.347
1600;10;0.302
1700;10;0.367
1800;10;0.358
1900;10;0.415
2000;10;1.578
2100;10;0.667
2200;10;0.653
2300;10;0.589
2400;10;0.504
2500;10;0.683
2600;10;0.624
2700;10;0.533
2800;10;0.823
2900;10;0.67
3000;10;0.665
3100;10;0.64
3200;10;0.699
3300;10;0.722
3400;10;0.82
3500;10;0.76
3600;10;0.676
3700;10;0.722
3800;10;0.776
3900;10;1.232
4000;10;1.14
500;20;0.101
600;20;0.107
700;20;0.157
800;20;0.218
900;20;0.25
1000;20;0.253
1100;20;0.255
1200;20;0.266
1300;20;0.311
1400;20;0.399
1500;20;0.375
1600;20;0.499
1700;20;0.528
1800;20;0.394
1900;20;0.375
2000;20;0.518
2100;20;0.499
2200;20;0.606
2300;20;0.538
2400;20;0.538
2500;20;0.606
2600;20;0.534
2700;20;0.574
2800;20;0.606
2900;20;0.725
3000;20;0.623
3100;20;0.807
3200;20;0.729
3300;20;0.78
3400;20;0.787
3500;20;0.896
3600;20;0.963
3700;20;0.931
3800;20;0.811
3900;20;0.966
4000;20;1.03
500;50;0.111
600;50;0.135
700;50;0.159
800;50;0.181
900;50;0.207
1000;50;0.232
1100;50;0.259
1200;50;0.282
1300;50;0.294
1400;50;0.345
1500;50;0.389
1600;50;0.508
1700;50;0.513
1800;50;0.653
1900;50;0.592
2000;50;0.473
2100;50;0.495
2200;50;0.561
2300;50;0.553
2400;50;0.673
2500;50;0.649
2600;50;0.647
2700;50;0.783
2800;50;0.984
2900;50;0.831
3000;50;0.758
3100;50;0.945
3200;50;0.79
3300;50;0.8
3400;50;1.036
3500;50;0.968
3600;50;1.22
3700;50;0.951
3800;50;0.952
3900;50;1.04
4000;50;1.047
500;5;0.101
600;5;0.115
700;5;0.105
800;5;0.122
900;5;0.174
1000;5;0.173
1100;5;0.168
1200;5;0.184
1300;5;0.209
1400;5;0.21
1500;5;0.25
1600;5;0.388
1700;5;0.29
1800;5;0.3
1900;5;0.315
2000;5;0.323
2100;5;0.35
2200;5;0.392
2300;5;0.377
2400;5;0.387
2500;5;0.427
2600;5;0.431
2700;5;0.459
2800;5;0.514
2900;5;0.499
3000;5;0.497
3100;5;0.537
3200;5;0.565
3300;5;0.638
3400;5;0.55
3500;5;0.595
3600;5;0.645
3700;5;0.623
3800;5;0.707
3900;5;0.798
4000;5;0.655
500;10;0.081
600;10;0.091
700;10;0.124
800;10;0.127
900;10;0.14
1000;10;0.172
1100;10;0.178
1200;10;0.24
1300;10;0.29
1400;10;0.328
1500;10;0.336
1600;10;0.286
1700;10;0.298
1800;10;0.323
1900;10;0.37
2000;10;0.454
2100;10;0.405
2200;10;0.403
2300;10;0.422
2400;10;0.461
2500;10;0.458
2600;10;0.481
2700;10;0.502
2800;10;0.528
2900;10;0.518
3000;10;0.553
3100;10;0.575
3200;10;0.591
3300;10;0.655
3400;10;0.622
3500;10;0.657
3600;10;0.679
3700;10;0.797
3800;10;0.889
3900;10;0.783
4000;10;0.762
500;20;0.091
600;20;0.114
700;20;0.128
800;20;0.149
900;20;0.166
1000;20;0.189
1100;20;0.21
1200;20;0.234
1300;20;0.262
1400;20;0.271
1500;20;0.302
1600;20;0.395
1700;20;0.368
1800;20;0.431
1900;20;0.377
2000;20;0.406
2100;20;0.428
2200;20;0.459
2300;20;0.471
2400;20;0.513
2500;20;0.521
2600;20;0.54
2700;20;0.539
2800;20;0.568
2900;20;0.626
3000;20;0.639
3100;20;0.641
3200;20;0.732
3300;20;0.75
3400;20;0.746
3500;20;0.728
3600;20;0.782
3700;20;0.847
3800;20;0.873
3900;20;0.86
4000;20;0.998
500;50;0.117
600;50;0.136
700;50;0.147
800;50;0.188
900;50;0.199
1000;50;0.225
1100;50;0.262
1200;50;0.281
1300;50;0.302
1400;50;0.451
1500;50;0.548
1600;50;0.544
1700;50;0.534
1800;50;0.473
1900;50;0.457
2000;50;0.489
2100;50;0.517
2200;50;0.525
2300;50;0.602
2400;50;0.573
2500;50;0.712
2600;50;0.657
2700;50;0.661
2800;50;0.685
2900;50;0.763
3000;50;0.81
3100;50;0.759
3200;50;0.79
3300;50;0.885
3400;50;0.845
3500;50;0.845
3600;50;0.945
3700;50;0.968
3800;50;0.966
3900;50;1.078
4000;50;1.036
500;5;0.076
600;5;0.102
700;5;0.097
800;5;0.113
900;5;0.131
1000;5;0.155
1100;5;0.17
1200;5;0.182
1300;5;0.254
1400;5;0.228
1500;5;0.234
1600;5;0.247
1700;5;0.278
1800;5;0.282
1900;5;0.311
2000;5;0.372
2100;5;0.36
2200;5;0.416
2300;5;0.374
2400;5;0.395
2500;5;0.47
2600;5;0.439
2700;5;0.521
2800;5;0.502
2900;5;0.478
3000;5;0.495
3100;5;0.513
3200;5;0.554
3300;5;0.687
3400;5;0.873
3500;5;0.596
3600;5;0.624
3700;5;0.631
3800;5;0.682
3900;5;0.697
4000;5;0.707
500;10;0.082
600;10;0.095
700;10;0.118
800;10;0.129
900;10;0.147
1000;10;0.166
1100;10;0.189
1200;10;0.206
1300;10;0.215
1400;10;0.239
1500;10;0.254
1600;10;0.288
1700;10;0.291
1800;10;0.31
1900;10;0.333
2000;10;0.363
2100;10;0.386
2200;10;0.39
2300;10;0.444
2400;10;0.443
2500;10;0.455
2600;10;0.466
2700;10;0.492
2800;10;0.547
2900;10;0.534
3000;10;0.627
3100;10;0.683
3200;10;0.619
3300;10;0.664
3400;10;0.652
3500;10;0.693
3600;10;0.668
3700;10;0.706
3800;10;0.731
3900;10;0.737
4000;10;0.796
500;20;0.13
600;20;0.163
700;20;0.203
800;20;0.246
900;20;0.258
1000;20;0.61
1100;20;0.221
1200;20;0.372
1300;20;0.276
1400;20;0.284
1500;20;0.3
1600;20;0.314
1700;20;0.341
1800;20;0.351
1900;20;0.411
2000;20;0.411
2100;20;0.431
2200;20;0.507
2300;20;0.459
2400;20;0.52
2500;20;0.525
2600;20;0.546
2700;20;0.563
2800;20;0.59
2900;20;0.616
3000;20;0.623
3100;20;0.853
3200;20;0.708
3300;20;0.712
3400;20;0.676
3500;20;0.724
3600;20;0.788
3700;20;0.795
3800;20;0.806
3900;20;0.858
4000;20;0.846
500;50;0.106
600;50;0.132
700;50;0.152
800;50;0.183
900;50;0.21
1000;50;0.235
1100;50;0.262
1200;50;0.301
1300;50;0.321
1400;50;0.353
1500;50;0.345
1600;50;0.371
1700;50;0.408
1800;50;0.457
1900;50;0.466
2000;50;0.476
2100;50;0.496
2200;50;0.604
2300;50;0.655
2400;50;0.607
2500;50;0.589
2600;50;0.701
2700;50;0.804
2800;50;0.814
2900;50;0.718
3000;50;0.757
3100;50;0.753
3200;50;0.86
3300;50;0.869
3400;50;0.856
3500;50;0.867
3600;50;0.875
3700;50;0.937
3800;50;0.935
3900;50;1.087
4000;50;1.208
500;5;0.076
600;5;0.082
700;5;0.101
800;5;0.123
900;5;0.144
1000;5;0.15
1100;5;0.178
1200;5;0.187
1300;5;0.208
1400;5;0.237
1500;5;0.242
1600;5;0.243
1700;5;0.282
1800;5;0.302
1900;5;0.312
2000;5;0.327
2100;5;0.328
2200;5;0.435
2300;5;0.367
2400;5;0.403
2500;5;0.406
2600;5;0.418
2700;5;0.495
2800;5;0.469
2900;5;0.473
3000;5;0.502
3100;5;0.555
3200;5;0.569
3300;5;0.62
3400;5;0.583
3500;5;0.614
3600;5;0.627
3700;5;0.644
3800;5;0.749
3900;5;0.858
4000;5;0.692
500;10;0.08
600;10;0.101
700;10;0.116
800;10;0.131
900;10;0.147
1000;10;0.213
1100;10;0.179
1200;10;0.227
1300;10;0.22
1400;10;0.257
1500;10;0.259
1600;10;0.273
1700;10;0.293
1800;10;0.306
1900;10;0.411
2000;10;0.37
2100;10;0.397
2200;10;0.467
2300;10;0.403
2400;10;0.429
2500;10;0.447
2600;10;0.489
2700;10;0.486
2800;10;0.546
2900;10;0.543
3000;10;0.586
3100;10;0.572
3200;10;0.645
3300;10;0.625
3400;10;0.688
3500;10;0.662
3600;10;0.694
3700;10;0.671
3800;10;0.703
3900;10;0.797
4000;10;0.833
500;20;0.122
600;20;0.166
700;20;0.175
800;20;0.155
900;20;0.252
1000;20;0.218
1100;20;0.217
1200;20;0.237
1300;20;0.249
1400;20;0.309
1500;20;0.306
1600;20;0.409
1700;20;0.384
1800;20;0.36
1900;20;0.397
2000;20;0.383
2100;20;0.413
2200;20;0.441
2300;20;0.449
2400;20;0.531
2500;20;0.548
2600;20;0.523
2700;20;0.544
2800;20;0.645
2900;20;0.609
3000;20;0.661
3100;20;0.651
3200;20;0.671
3300;20;0.72
3400;20;0.695
3500;20;0.749
3600;20;0.764
3700;20;0.808
3800;20;0.883
3900;20;0.894
4000;20;1.073
500;50;0.105
600;50;0.144
700;50;0.164
800;50;0.176
900;50;0.21
1000;50;0.248
1100;50;0.257
1200;50;0.286
1300;50;0.315
1400;50;0.333
1500;50;0.365
1600;50;0.369
1700;50;0.469
1800;50;0.452
1900;50;0.507
2000;50;0.469
2100;50;0.501
2200;50;0.53
2300;50;0.57
2400;50;0.581
2500;50;0.617
2600;50;0.635
2700;50;0.684
2800;50;0.867
2900;50;0.766
3000;50;0.743
3100;50;0.896
3200;50;0.89
3300;50;0.96
3400;50;0.866
3500;50;0.865
3600;50;1.029
3700;50;1.16
3800;50;1.125
3900;50;0.968
4000;50;0.996
500;5;0.111
600;5;0.09
700;5;0.105
800;5;0.134
900;5;0.161
1000;5;0.153
1100;5;0.172
1200;5;0.283
1300;5;0.307
1400;5;0.325
1500;5;0.374
1600;5;0.3
1700;5;0.295
1800;5;0.281
1900;5;0.325
2000;5;0.376
2100;5;0.349
2200;5;0.485
2300;5;0.512
2400;5;0.444
2500;5;0.502
2600;5;0.431
2700;5;0.525
2800;5;0.721
2900;5;0.706
3000;5;0.617
3100;5;0.658
3200;5;0.695
3300;5;0.815
3400;5;0.958
3500;5;0.629
3600;5;0.709
3700;5;0.695
3800;5;0.722
3900;5;0.782
4000;5;0.849
500;10;0.078
600;10;0.158
700;10;0.142
800;10;0.155
900;10;0.148
1000;10;0.168
1100;10;0.197
1200;10;0.199
1300;10;0.258
1400;10;0.317
1500;10;0.297
1600;10;0.311
1700;10;0.453
1800;10;0.494
1900;10;0.507
2000;10;0.528
2100;10;0.43
2200;10;0.381
2300;10;0.424
2400;10;0.483
2500;10;0.495
2600;10;0.491
2700;10;0.497
2800;10;0.541
2900;10;0.6
3000;10;0.554
3100;10;0.614
3200;10;0.626
3300;10;0.632
3400;10;0.736
3500;10;0.936
3600;10;0.944
3700;10;0.837
3800;10;0.993
3900;10;1.173
4000;10;0.799
500;20;0.097
600;20;0.113
700;20;0.14
800;20;0.162
900;20;0.185
1000;20;0.346
1100;20;0.322
1200;20;0.416
1300;20;0.263
1400;20;0.276
1500;20;0.307
1600;20;0.417
1700;20;0.493
1800;20;0.549
1900;20;0.456
2000;20;0.499
2100;20;0.477
2200;20;0.459
2300;20;0.479
2400;20;0.52
2500;20;0.528
2600;20;0.594
2700;20;0.621
2800;20;0.573
2900;20;0.624
3000;20;0.644
3100;20;0.668
3200;20;0.78
3300;20;0.72
3400;20;0.745
3500;20;0.782
3600;20;0.862
3700;20;1.14
3800;20;0.905
3900;20;0.831
4000;20;0.956
500;50;0.125
600;50;0.128
700;50;0.156
800;50;0.181
900;50;0.255
1000;50;0.243
1100;50;0.27
1200;50;0.289
1300;50;0.318
1400;50;0.326
1500;50;0.347
1600;50;0.389
1700;50;0.394
1800;50;0.442
1900;50;0.453
2000;50;0.499
2100;50;0.515
2200;50;0.547
2300;50;0.668
2400;50;0.564
2500;50;0.61
2600;50;0.717
2700;50;0.7
2800;50;0.687
2900;50;0.746
3000;50;0.749
3100;50;0.745
3200;50;0.847
3300;50;0.958
3400;50;0.988
3500;50;0.888
3600;50;0.901
3700;50;0.911
3800;50;0.938
3900;50;1.032
4000;50;1.037
500;5;0.093
600;5;0.103
700;5;0.095
800;5;0.169
900;5;0.197
1000;5;0.273
1100;5;0.168
1200;5;0.188
1300;5;0.221
1400;5;0.216
1500;5;0.312
1600;5;0.247
1700;5;0.322
1800;5;0.274
1900;5;0.314
2000;5;0.319
2100;5;0.343
2200;5;0.397
2300;5;0.464
2400;5;0.382
2500;5;0.424
2600;5;0.48
2700;5;0.437
2800;5;0.462
2900;5;0.476
3000;5;0.51
3100;5;0.504
3200;5;0.54
3300;5;0.685
3400;5;0.565
3500;5;0.631
3600;5;0.628
3700;5;0.728
3800;5;0.683
3900;5;0.708
4000;5;0.755
500;10;0.074
600;10;0.098
700;10;0.126
800;10;0.124
900;10;0.146
1000;10;0.166
1100;10;0.195
1200;10;0.213
1300;10;0.228
1400;10;0.243
1500;10;0.328
1600;10;0.338
1700;10;0.398
1800;10;0.37
1900;10;0.395
2000;10;0.468
2100;10;0.381
2200;10;0.381
2300;10;0.425
2400;10;0.447
2500;10;0.445
2600;10;0.503
2700;10;0.525
2800;10;0.649
2900;10;0.523
3000;10;0.678
3100;10;0.573
3200;10;0.647
3300;10;0.598
3400;10;0.71
3500;10;0.659
3600;10;0.652
3700;10;0.717
3800;10;0.725
3900;10;0.728
4000;10;0.808
500;20;0.092
600;20;0.115
700;20;0.129
800;20;0.167
900;20;0.218
1000;20;0.21
1100;20;0.215
1200;20;0.238
1300;20;0.251
1400;20;0.285
1500;20;0.278
1600;20;0.307
1700;20;0.347
1800;20;0.347
1900;20;0.453
2000;20;0.455
2100;20;0.491
2200;20;0.463
2300;20;0.48
2400;20;0.486
2500;20;0.509
2600;20;0.523
2700;20;0.576
2800;20;0.583
2900;20;0.689
3000;20;0.634
3100;20;0.613
3200;20;0.774
3300;20;0.69
3400;20;0.74
3500;20;0.716
3600;20;0.919
3700;20;0.789
3800;20;0.836
3900;20;0.868
4000;20;0.861
500;50;0.112
600;50;0.194
700;50;0.159
800;50;0.196
900;50;0.203
1000;50;0.221
1100;50;0.251
1200;50;0.279
1300;50;0.297
1400;50;0.319
1500;50;0.348
1600;50;0.387
1700;50;0.445
1800;50;0.508
1900;50;0.545
2000;50;0.49
2100;50;0.562
2200;50;0.574
2300;50;0.572
2400;50;0.589
2500;50;0.603
2600;50;0.619
2700;50;0.645
2800;50;0.67
2900;50;0.712
3000;50;0.748
3100;50;0.768
3200;50;0.846
3300;50;0.809
3400;50;0.885
3500;50;0.905
3600;50;0.874
3700;50;0.93
3800;50;1.137
3900;50;1.036
4000;50;1.014
500;5;0.078
600;5;0.142
700;5;0.097
800;5;0.12
900;5;0.137
1000;5;0.165
1100;5;0.167
1200;5;0.179
1300;5;0.197
1400;5;0.211
1500;5;0.251
1600;5;0.287
1700;5;0.279
1800;5;0.287
1900;5;0.315
2000;5;0.33
2100;5;0.35
2200;5;0.364
2300;5;0.362
2400;5;0.394
2500;5;0.421
2600;5;0.447
2700;5;0.445
2800;5;0.491
2900;5;0.482
3000;5;0.473
3100;5;0.562
3200;5;0.663
3300;5;0.563
3400;5;0.689
3500;5;0.571
3600;5;0.643
3700;5;0.673
3800;5;0.698
3900;5;0.636
4000;5;0.687
500;10;0.079
600;10;0.097
700;10;0.113
800;10;0.133
900;10;0.143
1000;10;0.171
1100;10;0.187
1200;10;0.228
1300;10;0.217
1400;10;0.24
1500;10;0.306
1600;10;0.276
1700;10;0.291
1800;10;0.314
1900;10;0.325
2000;10;0.353
2100;10;0.365
2200;10;0.399
2300;10;0.414
2400;10;0.444
2500;10;0.493
2600;10;0.513
2700;10;0.524
2800;10;0.501
2900;10;0.578
3000;10;0.555
3100;10;0.669
3200;10;0.578
3300;10;0.608
3400;10;0.818
3500;10;0.706
3600;10;0.667
3700;10;0.78
3800;10;0.701
3900;10;0.787
4000;10;0.788
500;20;0.091
600;20;0.153
700;20;0.143
800;20;0.248
900;20;0.164
1000;20;0.185
1100;20;0.208
1200;20;0.235
1300;20;0.26
1400;20;0.323
1500;20;0.305
1600;20;0.319
1700;20;0.352
1800;20;0.342
1900;20;0.401
2000;20;0.393
2100;20;0.451
2200;20;0.452
2300;20;0.471
2400;20;0.487
2500;20;0.514
2600;20;0.558
2700;20;0.592
2800;20;0.559
2900;20;0.613
3000;20;0.663
3100;20;0.698
3200;20;0.659
3300;20;0.699
3400;20;0.867
3500;20;0.851
3600;20;0.738
3700;20;0.799
3800;20;0.793
3900;20;0.819
4000;20;0.841
500;50;0.105
600;50;0.133
700;50;0.155
800;50;0.227
900;50;0.21
1000;50;0.226
1100;50;0.255
1200;50;0.267
1300;50;0.31
1400;50;0.328
1500;50;0.345
1600;50;0.379
1700;50;0.414
1800;50;0.46
1900;50;0.513
2000;50;0.501
2100;50;0.488
2200;50;0.573
2300;50;0.562
2400;50;0.571
2500;50;0.601
2600;50;0.681
2700;50;0.648
2800;50;0.723
2900;50;0.717
3000;50;0.74
3100;50;0.77
3200;50;0.976
3300;50;0.958
3400;50;0.845
3500;50;0.901
3600;50;0.9
3700;50;0.916
3800;50;1.13
3900;50;1.06
4000;50;1.013
500;5;0.101
600;5;0.087
700;5;0.121
800;5;0.119
900;5;0.196
1000;5;0.175
1100;5;0.192
1200;5;0.18
1300;5;0.199
1400;5;0.223
1500;5;0.254
1600;5;0.276
1700;5;0.265
1800;5;0.308
1900;5;0.295
2000;5;0.361
2100;5;0.35
2200;5;0.357
2300;5;0.377
2400;5;0.384
2500;5;0.447
2600;5;0.498
2700;5;0.429
2800;5;0.473
2900;5;0.537
3000;5;0.518
3100;5;0.517
3200;5;0.555
3300;5;0.545
3400;5;0.631
3500;5;0.644
3600;5;0.614
3700;5;0.7
3800;5;1.037
3900;5;1.091
4000;5;0.823
500;10;0.088
600;10;0.098
700;10;0.115
800;10;0.127
900;10;0.142
1000;10;0.164
1100;10;0.188
1200;10;0.212
1300;10;0.24
1400;10;0.25
1500;10;0.333
1600;10;0.411
1700;10;0.299
1800;10;0.326
1900;10;0.328
2000;10;0.399
2100;10;0.402
2200;10;0.388
2300;10;0.459
2400;10;0.476
2500;10;0.533
2600;10;0.457
2700;10;0.492
2800;10;0.513
2900;10;0.549
3000;10;0.569
3100;10;0.644
3200;10;0.581
3300;10;0.656
3400;10;0.633
3500;10;0.649
3600;10;0.669
3700;10;0.666
3800;10;0.701
3900;10;0.745
4000;10;0.825
500;20;0.094
600;20;0.108
700;20;0.137
800;20;0.161
900;20;0.177
1000;20;0.202
1100;20;0.207
1200;20;0.237
1300;20;0.272
1400;20;0.271
1500;20;0.298
1600;20;0.31
1700;20;0.392
1800;20;0.451
1900;20;0.522
2000;20;0.446
2100;20;0.418
2200;20;0.454
2300;20;0.473
2400;20;0.487
2500;20;0.522
2600;20;0.714
2700;20;0.579
2800;20;0.586
2900;20;0.697
3000;20;0.765
3100;20;0.693
3200;20;0.666
3300;20;0.689
3400;20;0.716
3500;20;0.722
3600;20;0.879
3700;20;0.749
3800;20;0.836
3900;20;0.836
4000;20;0.918
500;50;0.106
600;50;0.137
700;50;0.156
800;50;0.178
900;50;0.252
1000;50;0.273
1100;50;0.258
1200;50;0.284
1300;50;0.303
1400;50;0.328
1500;50;0.462
1600;50;0.438
1700;50;0.51
1800;50;0.448
1900;50;0.453
2000;50;0.553
2100;50;0.499
2200;50;0.523
2300;50;0.549
2400;50;0.618
2500;50;0.585
2600;50;0.649
2700;50;0.65
2800;50;0.676
2900;50;0.763
3000;50;0.722
3100;50;0.766
3200;50;0.794
3300;50;0.848
3400;50;0.953
3500;50;0.888
3600;50;0.969
3700;50;1.039
3800;50;1.019
3900;50;0.974
4000;50;1.127
500;5;0.086
600;5;0.104
700;5;0.148
800;5;0.166
900;5;0.226
1000;5;0.242
1100;5;0.283
1200;5;0.267
1300;5;0.289
1400;5;0.344
1500;5;0.335
1600;5;0.39
1700;5;0.363
1800;5;0.369
1900;5;0.438
2000;5;0.464
2100;5;0.388
2200;5;0.46
2300;5;0.51
2400;5;0.573
2500;5;0.613
2600;5;0.62
2700;5;0.566
2800;5;0.672
2900;5;0.476
3000;5;0.549
3100;5;0.516
3200;5;0.535
3300;5;0.591
3400;5;0.589
3500;5;0.588
3600;5;0.695
3700;5;0.782
3800;5;0.83
3900;5;0.785
4000;5;0.69
500;10;0.082
600;10;0.1
700;10;0.107
800;10;0.134
900;10;0.145
1000;10;0.168
1100;10;0.192
1200;10;0.212
1300;10;0.234
1400;10;0.314
1500;10;0.332
1600;10;0.361
1700;10;0.453
1800;10;0.372
1900;10;0.49
2000;10;0.35
2100;10;0.445
2200;10;0.412
2300;10;0.635
2400;10;0.463
2500;10;0.587
2600;10;0.454
2700;10;0.47
2800;10;0.702
2900;10;0.524
3000;10;0.581
3100;10;0.821
3200;10;0.925
3300;10;0.711
3400;10;0.851
3500;10;0.801
3600;10;0.753
3700;10;0.711
3800;10;0.765
3900;10;0.904
4000;10;0.87
500;20;0.094
600;20;0.106
700;20;0.123
800;20;0.169
900;20;0.182
1000;20;0.229
1100;20;0.205
1200;20;0.239
1300;20;0.244
1400;20;0.286
1500;20;0.376
1600;20;0.313
1700;20;0.349
1800;20;0.362
1900;20;0.382
2000;20;0.403
2100;20;0.416
2200;20;0.601
2300;20;0.646
2400;20;0.647
2500;20;0.51
2600;20;0.593
2700;20;0.541
2800;20;0.59
2900;20;0.612
3000;20;0.667
3100;20;0.772
3200;20;0.694
3300;20;0.728
3400;20;0.711
3500;20;0.724
3600;20;0.749
3700;20;0.954
3800;20;0.902
3900;20;0.801
4000;20;0.82
500;50;0.112
600;50;0.129
700;50;0.181
800;50;0.178
900;50;0.21
1000;50;0.221
1100;50;0.341
1200;50;0.392
1300;50;0.292
1400;50;0.329
1500;50;0.365
1600;50;0.372
1700;50;0.451
1800;50;0.554
1900;50;0.591
2000;50;0.606
2100;50;0.533
2200;50;0.627
2300;50;0.599
2400;50;0.584
2500;50;0.62
2600;50;0.658
2700;50;0.754
2800;50;0.74
2900;50;0.872
3000;50;0.867
3100;50;0.896
3200;50;1.017
3300;50;0.847
3400;50;0.828
3500;50;0.878
3600;50;0.946
3700;50;1.078
3800;50;1.06
3900;50;1.017
4000;50;1.233
500;5;0.076
600;5;0.093
700;5;0.096
800;5;0.11
900;5;0.135
1000;5;0.162
1100;5;0.177
1200;5;0.186
1300;5;0.213
1400;5;0.217
1500;5;0.247
1600;5;0.275
1700;5;0.269
1800;5;0.283
1900;5;0.543
2000;5;0.502
2100;5;0.523
2200;5;0.372
2300;5;0.372
2400;5;0.469
2500;5;0.385
2600;5;0.418
2700;5;0.44
2800;5;0.579
2900;5;0.506
3000;5;0.492
3100;5;0.553
3200;5;0.618
3300;5;0.562
3400;5;0.673
3500;5;0.584
3600;5;0.611
3700;5;0.597
3800;5;0.767
3900;5;0.757
4000;5;0.718
500;10;0.078
600;10;0.1
700;10;0.112
800;10;0.13
900;10;0.156
1000;10;0.182
1100;10;0.188
1200;10;0.2
1300;10;0.23
1400;10;0.253
1500;10;0.284
1600;10;0.275
1700;10;0.307
1800;10;0.331
1900;10;0.353
2000;10;0.356
2100;10;0.389
2200;10;0.392
2300;10;0.476
2400;10;0.453
2500;10;0.507
2600;10;0.5
2700;10;0.477
2800;10;0.506
2900;10;0.544
3000;10;0.544
3100;10;0.579
3200;10;0.722
3300;10;0.585
3400;10;0.624
3500;10;0.687
3600;10;0.663
3700;10;0.66
3800;10;0.726
3900;10;0.741
4000;10;0.774
500;20;0.089
600;20;0.115
700;20;0.124
800;20;0.152
900;20;0.165
1000;20;0.193
1100;20;0.303
1200;20;0.234
1300;20;0.254
1400;20;0.286
1500;20;0.334
1600;20;0.334
1700;20;0.417
1800;20;0.347
1900;20;0.408
2000;20;0.405
2100;20;0.435
2200;20;0.438
2300;20;0.457
2400;20;0.486
2500;20;0.599
2600;20;0.577
2700;20;0.736
2800;20;0.619
2900;20;0.662
3000;20;0.641
3100;20;0.688
3200;20;0.715
3300;20;0.766
3400;20;0.808
3500;20;0.741
3600;20;0.757
3700;20;0.759
3800;20;0.86
3900;20;0.805
4000;20;0.847
500;50;0.119
600;50;0.135
700;50;0.164
800;50;0.173
900;50;0.208
1000;50;0.228
1100;50;0.249
1200;50;0.281
1300;50;0.32
1400;50;0.332
1500;50;0.346
1600;50;0.448
1700;50;0.485
1800;50;0.408
1900;50;0.472
2000;50;0.512
2100;50;0.511
2200;50;0.531
2300;50;0.618
2400;50;0.759
2500;50;0.633
2600;50;0.62
2700;50;0.673
2800;50;0.764
2900;50;0.778
3000;50;0.741
3100;50;0.799
3200;50;0.777
3300;50;0.847
3400;50;0.813
3500;50;0.896
3600;50;0.953
3700;50;0.95
3800;50;0.924
3900;50;1.093
4000;50;0.973
500;5;0.074
600;5;0.082
700;5;0.105
800;5;0.127
900;5;0.152
1000;5;0.15
1100;5;0.164
1200;5;0.178
1300;5;0.202
1400;5;0.23
1500;5;0.242
1600;5;0.307
1700;5;0.292
1800;5;0.275
1900;5;0.405
2000;5;0.324
2100;5;0.373
2200;5;0.346
2300;5;0.413
2400;5;0.44
2500;5;0.453
2600;5;0.441
2700;5;0.433
2800;5;0.491
2900;5;0.463
3000;5;0.502
3100;5;0.588
3200;5;0.637
3300;5;0.668
3400;5;0.61
3500;5;0.636
3600;5;0.597
3700;5;0.633
3800;5;0.641
3900;5;0.672
4000;5;0.707
500;10;0.078
600;10;0.093
700;10;0.117
800;10;0.143
900;10;0.146
1000;10;0.161
1100;10;0.203
1200;10;0.253
1300;10;0.253
1400;10;0.246
1500;10;0.308
1600;10;0.279
1700;10;0.301
1800;10;0.331
1900;10;0.339
2000;10;0.367
2100;10;0.38
2200;10;0.499
2300;10;0.408
2400;10;0.423
2500;10;0.475
2600;10;0.459
2700;10;0.487
2800;10;0.499
2900;10;0.531
3000;10;0.566
3100;10;0.694
3200;10;0.635
3300;10;0.607
3400;10;0.656
3500;10;0.817
3600;10;0.95
3700;10;0.674
3800;10;0.758
3900;10;0.821
4000;10;0.752
500;20;0.088
600;20;0.106
700;20;0.129
800;20;0.15
900;20;0.168
1000;20;0.185
1100;20;0.21
1200;20;0.23
1300;20;0.256
1400;20;0.265
1500;20;0.298
1600;20;0.325
1700;20;0.322
1800;20;0.384
1900;20;0.498
2000;20;0.451
2100;20;0.545
2200;20;0.521
2300;20;0.456
2400;20;0.511
2500;20;0.506
2600;20;0.533
2700;20;0.58
2800;20;0.63
2900;20;0.585
3000;20;0.636
3100;20;0.714
3200;20;0.691
3300;20;0.678
3400;20;0.701
3500;20;0.843
3600;20;1.007
3700;20;0.767
3800;20;0.819
3900;20;0.846
4000;20;0.931
500;50;0.111
600;50;0.142
700;50;0.159
800;50;0.228
900;50;0.216
1000;50;0.248
1100;50;0.247
1200;50;0.294
1300;50;0.312
1400;50;0.338
1500;50;0.491
1600;50;0.418
1700;50;0.412
1800;50;0.464
1900;50;0.493
2000;50;0.478
2100;50;0.557
2200;50;0.572
2300;50;0.549
2400;50;0.577
2500;50;0.618
2600;50;0.658
2700;50;0.703
2800;50;0.831
2900;50;0.703
3000;50;0.738
3100;50;0.76
3200;50;0.872
3300;50;0.854
3400;50;0.856
3500;50;0.912
3600;50;0.908
3700;50;0.95
3800;50;0.959
3900;50;0.989
4000;50;1.03
500;5;0.075
600;5;0.09
700;5;0.103
800;5;0.115
900;5;0.129
1000;5;0.146
1100;5;0.16
1200;5;0.181
1300;5;0.197
1400;5;0.225
1500;5;0.223
1600;5;0.299
1700;5;0.269
1800;5;0.375
1900;5;0.361
2000;5;0.315
2100;5;0.388
2200;5;0.365
2300;5;0.375
2400;5;0.397
2500;5;0.495
2600;5;0.418
2700;5;0.465
2800;5;0.475
2900;5;0.485
3000;5;0.505
3100;5;0.554
3200;5;0.536
3300;5;0.592
3400;5;0.564
3500;5;0.597
3600;5;0.649
3700;5;0.615
3800;5;0.742
3900;5;0.669
4000;5;0.783
500;10;0.084
600;10;0.101
700;10;0.139
800;10;0.13
900;10;0.154
1000;10;0.162
1100;10;0.226
1200;10;0.215
1300;10;0.239
1400;10;0.243
1500;10;0.26
1600;10;0.275
1700;10;0.325
1800;10;0.34
1900;10;0.344
2000;10;0.362
2100;10;0.374
2200;10;0.428
2300;10;0.422
2400;10;0.468
2500;10;0.546
2600;10;0.653
2700;10;0.682
2800;10;0.617
2900;10;0.6
3000;10;0.556
3100;10;0.575
3200;10;0.601
3300;10;0.636
3400;10;0.635
3500;10;0.685
3600;10;0.744
3700;10;0.708
3800;10;0.674
3900;10;0.747
4000;10;0.761
500;20;0.092
600;20;0.114
700;20;0.141
800;20;0.159
900;20;0.172
1000;20;0.198
1100;20;0.295
1200;20;0.237
1300;20;0.258
1400;20;0.282
1500;20;0.301
1600;20;0.318
1700;20;0.356
1800;20;0.355
1900;20;0.375
2000;20;0.388
2100;20;0.454
2200;20;0.454
2300;20;0.474
2400;20;0.488
2500;20;0.567
2600;20;0.555
2700;20;0.64
2800;20;0.567
2900;20;0.593
3000;20;0.647
3100;20;0.728
3200;20;0.73
3300;20;0.688
3400;20;0.728
3500;20;0.726
3600;20;0.818
3700;20;0.827
3800;20;0.805
3900;20;0.82
4000;20;0.906
500;50;0.106
600;50;0.136
700;50;0.155
800;50;0.189
900;50;0.211
1000;50;0.228
1100;50;0.256
1200;50;0.275
1300;50;0.313
1400;50;0.34
1500;50;0.344
1600;50;0.373
1700;50;0.409
1800;50;0.576
1900;50;0.46
2000;50;0.458
2100;50;0.519
2200;50;0.547
2300;50;0.735
2400;50;0.638
2500;50;0.641
2600;50;0.632
2700;50;0.663
2800;50;0.697
2900;50;0.696
3000;50;0.729
3100;50;0.824
3200;50;0.792
3300;50;0.868
3400;50;0.902
3500;50;0.85
3600;50;0.885
3700;50;0.937
3800;50;1.013
3900;50;0.944
4000;50;1.078
500;5;0.087
600;5;0.104
700;5;0.101
800;5;0.129
900;5;0.131
1000;5;0.145
1100;5;0.175
1200;5;0.196
1300;5;0.207
1400;5;0.216
1500;5;0.328
1600;5;0.255
1700;5;0.265
1800;5;0.323
1900;5;0.323
2000;5;0.36
2100;5;0.348
2200;5;0.386
2300;5;0.462
2400;5;0.398
2500;5;0.406
2600;5;0.488
2700;5;0.464
2800;5;0.458
2900;5;0.705
3000;5;0.602
3100;5;0.607
3200;5;0.675
3300;5;0.691
3400;5;0.599
3500;5;0.673
3600;5;0.671
3700;5;0.63
3800;5;0.697
3900;5;0.683
4000;5;0.788
500;10;0.077
600;10;0.12
700;10;0.115
800;10;0.132
900;10;0.144
1000;10;0.166
1100;10;0.193
1200;10;0.288
1300;10;0.218
1400;10;0.242
1500;10;0.32
1600;10;0.297
1700;10;0.298
1800;10;0.309
1900;10;0.325
2000;10;0.363
2100;10;0.385
2200;10;0.421
2300;10;0.413
2400;10;0.443
2500;10;0.461
2600;10;0.548
2700;10;0.583
2800;10;0.669
2900;10;0.591
3000;10;0.533
3100;10;0.609
3200;10;0.578
3300;10;0.648
3400;10;0.854
3500;10;0.696
3600;10;0.718
3700;10;0.729
3800;10;0.729
3900;10;0.92
4000;10;0.78
500;20;0.088
600;20;0.108
700;20;0.127
800;20;0.149
900;20;0.169
1000;20;0.191
1100;20;0.212
1200;20;0.229
1300;20;0.244
1400;20;0.293
1500;20;0.299
1600;20;0.317
1700;20;0.353
1800;20;0.378
1900;20;0.382
2000;20;0.412
2100;20;0.419
2200;20;0.462
2300;20;0.478
2400;20;0.524
2500;20;0.5
2600;20;0.513
2700;20;0.561
2800;20;0.572
2900;20;0.622
3000;20;0.614
3100;20;0.685
3200;20;0.807
3300;20;0.762
3400;20;0.77
3500;20;0.756
3600;20;0.899
3700;20;0.901
3800;20;0.794
3900;20;0.832
4000;20;0.861
500;50;0.109
600;50;0.136
700;50;0.153
800;50;0.176
900;50;0.194
1000;50;0.24
1100;50;0.253
1200;50;0.27
1300;50;0.334
1400;50;0.405
1500;50;0.351
1600;50;0.495
1700;50;0.439
1800;50;0.474
1900;50;0.465
2000;50;0.487
2100;50;0.547
2200;50;0.57
2300;50;0.602
2400;50;0.635
2500;50;0.787
2600;50;0.757
2700;50;0.643
2800;50;0.676
2900;50;0.972
3000;50;0.853
3100;50;0.762
3200;50;0.806
3300;50;0.858
3400;50;0.822
3500;50;0.87
3600;50;1.036
3700;50;0.96
3800;50;0.943
3900;50;0.959
4000;50;1
500;5;0.07
600;5;0.084
700;5;0.103
800;5;0.128
900;5;0.147
1000;5;0.166
1100;5;0.206
1200;5;0.178
1300;5;0.212
1400;5;0.211
1500;5;0.239
1600;5;0.338
1700;5;0.274
1800;5;0.292
1900;5;0.313
2000;5;0.357
2100;5;0.346
2200;5;0.356
2300;5;0.372
2400;5;0.389
2500;5;0.4
2600;5;0.454
2700;5;0.457
2800;5;0.451
2900;5;0.52
3000;5;0.501
3100;5;0.594
3200;5;0.534
3300;5;0.67
3400;5;0.58
3500;5;0.565
3600;5;0.63
3700;5;0.642
3800;5;0.716
3900;5;0.661
4000;5;0.719
500;10;0.077
600;10;0.1
700;10;0.113
800;10;0.149
900;10;0.148
1000;10;0.171
1100;10;0.203
1200;10;0.212
1300;10;0.215
1400;10;0.256
1500;10;0.276
1600;10;0.294
1700;10;0.371
1800;10;0.367
1900;10;0.34
2000;10;0.392
2100;10;0.358
2200;10;0.38
2300;10;0.439
2400;10;0.423
2500;10;0.478
2600;10;0.543
2700;10;0.594
2800;10;0.52
2900;10;0.542
3000;10;0.545
3100;10;0.607
3200;10;0.561
3300;10;0.662
3400;10;0.661
3500;10;0.641
3600;10;0.653
3700;10;0.67
3800;10;0.771
3900;10;0.735
4000;10;0.819
500;20;0.101
600;20;0.11
700;20;0.182
800;20;0.15
900;20;0.209
1000;20;0.198
1100;20;0.216
1200;20;0.289
1300;20;0.256
1400;20;0.275
1500;20;0.302
1600;20;0.313
1700;20;0.353
1800;20;0.35
1900;20;0.384
2000;20;0.397
2100;20;0.48
2200;20;0.446
2300;20;0.472
2400;20;0.477
2500;20;0.52
2600;20;0.658
2700;20;0.566
2800;20;0.737
2900;20;0.637
3000;20;0.609
3100;20;0.712
3200;20;0.717
3300;20;0.753
3400;20;0.694
3500;20;0.727
3600;20;0.738
3700;20;0.759
3800;20;0.824
3900;20;0.828
4000;20;0.857
500;50;0.106
600;50;0.132
700;50;0.159
800;50;0.174
900;50;0.201
1000;50;0.236
1100;50;0.401
1200;50;0.276
1300;50;0.295
1400;50;0.328
1500;50;0.431
1600;50;0.378
1700;50;0.401
1800;50;0.465
1900;50;0.526
2000;50;0.649
2100;50;0.524
2200;50;0.556
2300;50;0.552
2400;50;0.597
2500;50;0.615
2600;50;0.682
2700;50;0.758
2800;50;0.717
2900;50;0.785
3000;50;0.835
3100;50;0.794
3200;50;0.876
3300;50;0.955
3400;50;0.813
3500;50;0.888
3600;50;0.907
3700;50;0.966
3800;50;1.046
3900;50;1.08
4000;50;1.048
